> Out_m10_cen08 = Compute_SSE()
censor:B(0.8)
True value:0.462676 0.430566 -0.303546 0.231179 0.129727 -0.0386709 -0.0831748 -0.204475 0.301318 0.545082 

1th rep Init_Value:-0.273414 -0.243996 -0.315221 0.303538 -0.457086 0.137919 0.316985 0.0709994 0.340562 -0.474088

1th Iter: -0.472061 -0.435317 0.284479 -0.261588 -0.129481 0.0337192 0.0942372 0.215139 -0.316123 -0.515072  myeps:0.137656
2th Iter: -0.472061 -0.435317 0.284479 -0.261588 -0.129481 0.0337192 0.0942372 0.215139 -0.316123 -0.515072  myeps:0

1th res:  -0.472061  -0.435317   0.284479  -0.261588  -0.129481  0.0337192   0.0942372 0.215139  -0.316123 -0.515072

The computations took    232.761083   seconds

--------------------------------------------------------------------------------------------------

alpha_init = alpha0 + N(0,0.1)
True value:0.462676 0.430566 -0.303546 0.231179 0.129727 -0.0386709 -0.0831748 -0.204475 0.301318 0.545082
 
> Out_m10_cen05
$SSE
           [,1]      [,2]       [,3]      [,4]       [,5]        [,6]         [,7]       [,8]      [,9]     [,10]
 [1,] 0.4774467 0.4401355 -0.2943700 0.2397091 0.13991978 -0.02117252 -0.072315746 -0.2035624 0.2883513 0.5332651
 [2,] 0.4432276 0.4364148 -0.2934914 0.2333398 0.12769360 -0.02801235 -0.086339719 -0.2076990 0.2958842 0.5632722
 [3,] 0.5896496 0.4211460 -0.2613208 0.1735522 0.02090829  0.01104033  0.004545144 -0.1210423 0.3157991 0.5114493
 [4,] 0.4823830 0.4246711 -0.2962708 0.2154361 0.14962987 -0.04115966 -0.071994300 -0.2041592 0.2997797 0.5403302
 [5,] 0.4838694 0.4322745 -0.2823666 0.2225781 0.13138139 -0.04440201 -0.073990268 -0.2178838 0.2967940 0.5380242
 [6,] 0.4832399 0.4392340 -0.2922082 0.2255487 0.13121968 -0.03472464 -0.080435053 -0.2046996 0.2987919 0.5303037
 [7,] 0.4772787 0.4431939 -0.2962199 0.2340576 0.11758719 -0.04167829 -0.085074031 -0.1973163 0.3019025 0.5295042
 [8,] 0.4665653 0.4376333 -0.3037624 0.2356988 0.11708970 -0.04208159 -0.089615835 -0.2135400 0.3147305 0.5242155
 [9,] 0.4746884 0.4175439 -0.2971585 0.2222055 0.14415283 -0.04008230 -0.072841988 -0.1942126 0.2990697 0.5547934
[10,] 0.4575680 0.4344628 -0.3079833 0.2302729 0.13671948 -0.03993424 -0.093250559 -0.1846782 0.3057661 0.5453556

$means
 [1]  0.48359166  0.43267099 -0.29251520  0.22323988  0.12163018 -0.03222073 -0.07213124 -0.19487934  0.30168690  0.53705136

$covariance_matrix
            [,1]        [,2]        [,3]        [,4]       [,5]        [,6]       [,7]       [,8]        [,9]       [,10]
 [1,]  1.4003222 -0.14749237  0.40252240 -0.62244544 -1.1564371  0.48570513  0.9644363  0.8471801  0.15085397 -0.38596044
 [2,] -0.1474924  0.06771860 -0.04012521  0.10151503  0.0776379 -0.03838038 -0.1243174 -0.1054926 -0.01718186 -0.01025531
 [3,]  0.4025224 -0.04012521  0.14957202 -0.18512708 -0.3456984  0.15358428  0.2958731  0.2188314  0.02287891 -0.08602293
 [4,] -0.6224454  0.10151503 -0.18512708  0.32315598  0.5146798 -0.21243262 -0.4481074 -0.4064103 -0.07717597  0.12312559
 [5,] -1.1564371  0.07763790 -0.34569839  0.51467980  1.2259119 -0.47332772 -0.8109407 -0.7988350 -0.18868541  0.33187054
 [6,]  0.4857051 -0.03838038  0.15358428 -0.21243262 -0.4733277  0.25538348  0.3760794  0.3555281  0.03811014 -0.10689045
 [7,]  0.9644363 -0.12431735  0.29587312 -0.44810740 -0.8109407  0.37607938  0.7073369  0.6110249  0.08847100 -0.21461375
 [8,]  0.8471801 -0.10549256  0.21883143 -0.40641031 -0.7988350  0.35552815  0.6110249  0.6862079  0.11868110 -0.18257273
 [9,]  0.1508540 -0.01718186  0.02287891 -0.07717597 -0.1886854  0.03811014  0.0884710  0.1186811  0.06402917 -0.06360510
[10,] -0.3859604 -0.01025531 -0.08602293  0.12312559  0.3318705 -0.10689045 -0.2146137 -0.1825727 -0.06360510  0.20200140
----------------------------------------------------------------------------

True value:0.462676 0.430566 -0.303546 0.231179 0.129727 -0.0386709 -0.0831748 -0.204475 0.301318 0.545082 
alpha_init = alpha0 + N(0,0.3)
> Out_m10_cen05
$SSE
           [,1]      [,2]        [,3]         [,4]        [,5]          [,6]          [,7]        [,8]        [,9]     [,10]
 [1,] 0.3563727 0.2746413 -0.24133994  0.131383519  0.21484078 -0.1569127649 -0.0002163896  0.23577758 -0.29485070 0.7132726
 [2,] 0.5429215 0.4849733 -0.29650644  0.248836261  0.00000000 -0.0007867632 -0.0320347012 -0.18624139  0.23544208 0.4785979
 [3,] 0.2607369 0.4000982 -0.18079757  0.559125411 -0.20089699  0.1345505142  0.1801090993  0.14952882  0.33996837 0.4447343
 [4,] 0.2163609 0.7050636 -0.39898085  0.294590761  0.39668674  0.0036180251 -0.2069569738  0.03867572  0.08703711 0.0287734
 [5,] 0.3057676 0.3597545 -0.05011242 -0.192017861 -0.08714537  0.0553651149 -0.5524613815  0.18315546  0.32957304 0.5288320
 [6,] 0.3488441 0.3369004 -0.47789815 -0.139660339 -0.25731639  0.2283725633  0.2903274627  0.34227282  0.06458570 0.4392453
 [7,] 0.2493245 0.2792513 -0.62560248  0.462602093 -0.11494150  0.1714116586 -0.0701139333  0.24210975  0.31900025 0.2158451
 [8,] 0.3918953 0.1790104 -0.56963084  0.128707003  0.27922738 -0.1214822586  0.4741841919 -0.39078697  0.03902912 0.0389145
 [9,] 0.2697860 0.3950509 -0.13615834  0.153443203  0.21192106 -0.0132142051 -0.4567233743 -0.49676828  0.38473505 0.2838753
[10,] 0.1165017 0.4483955 -0.34606438 -0.006714292  0.07747015  0.1040911184 -0.0604453949  0.14290405 -0.08057423 0.7862310

$means
 [1]  0.30585113  0.38631394 -0.33230914  0.16402958  0.05198459  0.04050130 -0.04343314  0.02606276  0.14239458  0.39583214

$covariance_matrix
            [,1]        [,2]       [,3]        [,4]       [,5]        [,6]        [,7]        [,8]        [,9]      [,10]
 [1,] 11.8399702  -3.7377312  -0.237899  -1.1283912  -1.842643  -4.4069302   8.7999110  -8.4200792   0.7250227  -2.226443
 [2,] -3.7377312  18.5510553   5.536769   4.8201853   7.579429   2.0876613 -16.4830661   0.7529304   3.2755273  -3.276857
 [3,] -0.2378990   5.5367695  31.879617  -8.3952552  -1.652408  -3.7249635 -33.8976567  -4.0962094   8.4666124  20.509671
 [4,] -1.1283912   4.8201853  -8.395255  52.0060995   1.492447   0.7458377  12.7435277  -6.1570892  14.1869577 -19.908998
 [5,] -1.8426431   7.5794290  -1.652408   1.4924471  43.275024 -19.2309982  -8.3317788 -31.2777020 -16.6958073 -18.244868
 [6,] -4.4069302   2.0876613  -3.724963   0.7458377 -19.230998  13.6704408   0.6970975  17.1573071  10.3931206   2.727789
 [7,]  8.7999110 -16.4830661 -33.897657  12.7435277  -8.331779   0.6970975  88.8952481   5.0314734 -24.0445513 -10.790978
 [8,] -8.4200792   0.7529304  -4.096209  -6.1570892 -31.277702  17.1573071   5.0314734  73.6567407 -15.4467422  29.907410
 [9,]  0.7250227   3.2755273   8.466612  14.1869577 -16.695807  10.3931206 -24.0445513 -15.4467422  43.3349101 -18.867243
[10,] -2.2264427  -3.2768568  20.509671 -19.9089982 -18.244868   2.7277891 -10.7909783  29.9074103 -18.8672427  58.904698