True value:0.35354 0.329004 -0.231946 0.176649 0.0991272 -0.0295493 -0.0635556 -0.156244 0.230243 0.416508 0.178746 -0.471191 -0.312152 -0.253364 0.0227192 
censor B(0.5); alpha_init = alpha0 + N(0,0.1)
tr(P_a %*% P_b) / col(a) trace correlation

$SSE
            [,1]       [,2]        [,3]        [,4]          [,5]          [,6]         [,7]        [,8]        [,9]      [,10]
 [1,] 0.35203281 0.60044657 -0.32051563  0.16772770 -0.1037197495  0.0403204063 -0.095409624 -0.25490168  0.34362562 0.09247995
 [2,] 0.19001541 0.08665985 -0.05735030  0.26978148  0.1728601543  0.0293772128  0.071359948 -0.23599272 -0.07216762 0.22511999
 [3,] 0.07937882 0.08216198 -0.32157606  0.20018521  0.0003077065  0.0829485656 -0.110499910 -0.37721418  0.35665462 0.56075165
 [4,] 0.08858838 0.22825495 -0.46234030  0.06562258  0.1141418689  0.1097114571 -0.272582926 -0.04098078  0.00000000 0.37620206
 [5,] 0.13786080 0.16212229 -0.25171077 -0.02416528  0.1742920530  0.1318360358  0.020089540 -0.24574410  0.29218044 0.46673581
 [6,] 0.28418712 0.31079979 -0.30509650  0.27468929  0.1170094086 -0.2915602049 -0.134076428 -0.04836952  0.02202749 0.24777517
 [7,] 0.19690439 0.23498181 -0.36033870  0.57421052  0.0004690605  0.1318473575  0.117974560 -0.10213525  0.15214538 0.30175817
 [8,] 0.46118974 0.15700995 -0.20780018  0.12262079  0.1299828727 -0.1860131339 -0.205259417 -0.23701547  0.26087321 0.40993480
 [9,] 0.18977573 0.28025088  0.03493918  0.22058440  0.1735118040  0.1556350351  0.042484109 -0.13159769  0.42602251 0.06970114
[10,] 0.35135523 0.35466153 -0.24555325  0.09191032  0.0478236714 -0.0001184153 -0.006132176 -0.16509665  0.11308937 0.17910007
            [,11]      [,12]      [,13]        [,14]        [,15]
 [1,]  0.09543807 -0.3160068 -0.1597522 -0.076273953 -0.176845380
 [2,]  0.35492431 -0.5626398 -0.3245561 -0.372116868  0.215766012
 [3,] -0.16706492 -0.2976497 -0.2459695 -0.237058257 -0.085048390
 [4,]  0.07466672 -0.4860655 -0.3479667 -0.283750016 -0.189692827
 [5,]  0.03345183 -0.4353029 -0.4494208 -0.135798489  0.260723310
 [6,]  0.35435104 -0.3159451 -0.1191883 -0.482078135  0.034921620
 [7,]  0.19105501 -0.3612697 -0.1173865 -0.323424738  0.071482634
 [8,]  0.09360220 -0.2470264 -0.2392367 -0.437602325  0.004022734
 [9,]  0.30552137 -0.6094530 -0.3236243 -0.001897393  0.079050516
[10,]  0.10847288 -0.6698063 -0.2794371 -0.244948123 -0.095297134

$means
 [1]  0.23312884  0.24973496 -0.24973425  0.19631670  0.08266789  0.02039843 -0.05720523 -0.18390480  0.18944510  0.29295588
[11]  0.14444185 -0.43011653 -0.26065381 -0.25949483  0.01190831

$covariance_matrix
              [,1]         [,2]       [,3]       [,4]       [,5]        [,6]       [,7]        [,8]        [,9]       [,10]
 [1,]  14.13918393   7.95349687  2.4149868 -0.7156223 -1.9202115 -10.6489392 -2.0444145  0.05598224   1.1307753  -7.0403829
 [2,]   7.95349687  21.02955026 -3.5929683 -0.4701016 -7.6940011  -1.6221155 -1.2728667  3.39005781   4.6695410 -15.3630685
 [3,]   2.41498676  -3.59296828 19.0501305  0.1347092  6.4478176   1.1315601  8.4168674 -2.51778902   5.0235744  -9.3739215
 [4,]  -0.71562226  -0.47010162  0.1347092 23.7789329 -3.8694347   0.2391890  8.9610192  3.71525870  -3.9639298  -4.9777372
 [5,]  -1.92021146  -7.69400112  6.4478176 -3.8694347  7.8685226  -1.1673769  0.6640987  2.28050460  -3.7805333   1.4680408
 [6,] -10.64893922  -1.62211548  1.1315601  0.2391890 -1.1673769  19.5839847  7.2935292 -2.36175218   7.2597532   0.2021754
 [7,]  -2.04441451  -1.27286668  8.4168674  8.9610192  0.6640987   7.2935292 14.4254540 -1.13005158   1.5751847  -6.0206674
 [8,]   0.05598224   3.39005781 -2.5177890  3.7152587  2.2805046  -2.3617522 -1.1300516 10.03401923  -8.1667977  -5.8285266
 [9,]   1.13077530   4.66954099  5.0235744 -3.9639298 -3.7805333   7.2597532  1.5751847 -8.16679768  26.2936835   0.5165833
[10,]  -7.04038285 -15.36306853 -9.3739215 -4.9777372  1.4680408   0.2021754 -6.0206674 -5.82852660   0.5165833  23.2244939
[11,]   3.98506923   2.98982503 10.8191291  9.4726495  5.8265854  -6.4443748  6.5761188  9.23345651 -11.2549575 -15.9857935
[12,]   3.20241538  -0.05541436 -8.9495813  3.8114832 -4.7382573  -8.1276673 -7.0750675 -3.69902980   5.1749687  10.0221948
[13,]   5.05255362   6.24079672 -4.2338642 10.9590006 -5.6794322  -6.7194706 -0.4823345  1.86242476  -0.9082995  -3.8461483
[14,]  -4.42029608   8.18007441  5.3981968 -6.1272690 -2.3507205  14.9273905  5.0813482 -3.47832352  16.5525129  -7.4113507
[15,]  -2.92568237 -10.86060666 11.2386022  2.9206255  8.3360607   1.4094702 11.2292687 -1.27701817  -1.7459662   2.0281971
           [,11]       [,12]      [,13]     [,14]      [,15]
 [1,]   3.985069  3.20241538  5.0525536 -4.420296  -2.925682
 [2,]   2.989825 -0.05541436  6.2407967  8.180074 -10.860607
 [3,]  10.819129 -8.94958131 -4.2338642  5.398197  11.238602
 [4,]   9.472650  3.81148321 10.9590006 -6.127269   2.920626
 [5,]   5.826585 -4.73825733 -5.6794322 -2.350720   8.336061
 [6,]  -6.444375 -8.12766726 -6.7194706 14.927390   1.409470
 [7,]   6.576119 -7.07506748 -0.4823345  5.081348  11.229269
 [8,]   9.233457 -3.69902980  1.8624248 -3.478324  -1.277018
 [9,] -11.254957  5.17496869 -0.9082995 16.552513  -1.745966
[10,] -15.985794 10.02219482 -3.8461483 -7.411351   2.028197
[11,]  23.698776 -7.26699480  2.9890955 -5.138617   9.149140
[12,]  -7.266995 19.21978731  7.3522835 -7.258710  -3.246894
[13,]   2.989096  7.35228355 10.3051597 -5.617418  -5.345451
[14,]  -5.138617 -7.25871031 -5.6174183 21.456680  -1.584079
[15,]   9.149140 -3.24689439 -5.3454508 -1.584079  20.928042