True Value:0.659892 0.614095 -0.432933 
-------------------------------------------------------------------------
The computations took    548.868104   seconds
> Out_m3_nocen
$SSE
           [,1]      [,2]       [,3]
 [1,] 0.6592671 0.6038282 -0.4480607
 [2,] 0.6892984 0.5841994 -0.4284609
 [3,] 0.6916927 0.5698445 -0.4436647
 [4,] 0.6654764 0.6276553 -0.4039678
 [5,] 0.6778913 0.5851425 -0.4450523
 [6,] 0.6453431 0.6437018 -0.4113153
 [7,] 0.6653189 0.6008858 -0.4430429
 [8,] 0.6889427 0.5985189 -0.4088193
 [9,] 0.6324815 0.6057136 -0.4827817
[10,] 0.6589247 0.5993502 -0.4545300

$means
[1]  0.6674637  0.6018840 -0.4369696  *** true0.659892 0.614095 -0.432933 

$covariance_matrix
           [,1]       [,2]      [,3]
[1,]  0.3495601 -0.2511651 0.1767342
[2,] -0.2511651  0.4069621 0.1881478
[3,]  0.1767342  0.1881478 0.5289268

---------------------------------------------------------------------------
The computations took    257.522663   seconds
> Out_m3_cen03
$SSE
           [,1]      [,2]       [,3]
 [1,] 0.6593847 0.5899919 -0.4659629
 [2,] 0.6744061 0.6035240 -0.4253648
 [3,] 0.6692774 0.6055188 -0.4305982
 [4,] 0.6592456 0.6115811 -0.4374515
 [5,] 0.6793254 0.6359960 -0.3660958
 [6,] 0.6724191 0.5806252 -0.4590500
 [7,] 0.7002478 0.5960078 -0.3929729
 [8,] 0.6496313 0.6538479 -0.3878946
 [9,] 0.6693351 0.5861225 -0.4565644
[10,] 0.7218362 0.5360599 -0.4377126

$means
[1]  0.6755109  0.5999275 -0.4259668   *** true:0.659892 0.614095 -0.432933 

$covariance_matrix
            [,1]       [,2]       [,3]
[1,]  0.40546459 -0.4236721 0.06663642
[2,] -0.42367210  0.9144654 0.61339708
[3,]  0.06663642  0.6133971 1.00446926

---------------------------------------------------------------------------
The computations took    386.499125   seconds
> Out_m3_cen05
$SSE
           [,1]      [,2]       [,3]
 [1,] 0.6577242 0.6163319 -0.4330519
 [2,] 0.6752128 0.5974264 -0.4326309
 [3,] 0.6714870 0.5823198 -0.4582672
 [4,] 0.6700254 0.6187360 -0.4101607
 [5,] 0.6989784 0.5999275 -0.3892508
 [6,] 0.6651873 0.6134834 -0.4256336
 [7,] 0.6823383 0.6020123 -0.4147236
 [8,] 0.6773130 0.6237492 -0.3901079
 [9,] 0.6872714 0.5817651 -0.4349798
[10,] 0.6907809 0.5618351 -0.4551517

$means
[1]  0.6776319  0.5997587 -0.4243958  *** true: 0.659892 0.614095 -0.432933 

$covariance_matrix
            [,1]       [,2]       [,3]
[1,]  0.13963984 -0.1197831 0.05858787
[2,] -0.11978315  0.3475351 0.29267169
[3,]  0.05858787  0.2926717 0.50565198

-------------------------------------------------------------------------------
The computations took    371.131246   seconds
> Out_m3_cen08
$SSE
           [,1]      [,2]       [,3]
 [1,] 0.6522217 0.6066438 -0.4545219
 [2,] 0.6865220 0.5912978 -0.4231482
 [3,] 0.6892131 0.5714929 -0.4454000
 [4,] 0.6682788 0.6239400 -0.4050954
 [5,] 0.6877205 0.6200247 -0.3776372
 [6,] 0.6531656 0.6313969 -0.4179864
 [7,] 0.6551933 0.6129361 -0.4416233
 [8,] 0.6961814 0.5992898 -0.3952001
 [9,] 0.6664958 0.5933214 -0.4513901
[10,] 0.6567540 0.5852373 -0.4755748

$means
[1]  0.6711746  0.6035581 -0.4287577   *** true: 0.659892 0.614095 -0.432933

$covariance_matrix
           [,1]       [,2]      [,3]
[1,]  0.2637209 -0.1057488 0.2683330
[2,] -0.1057488  0.3196185 0.2834803
[3,]  0.2683330  0.2834803 0.8257154